"chr,position",88,108,139,159,265,350,351,403,410,424,428,430,470,476,484,504,506,531,544,546,628,630,680,681,685,687,728,742,763,765,766,768,772,801,853,854,867,868,870,915,932,991,992,997,1002,1006,1061,1062,1063,1066,1070,1158,1166,1254,1257,1313,1317,1552,1612,1622,1651,1652,1676,1684,1739,1741,1756,1757,1793,1797,1819,1820,1829,1834,1835,1851,1852,1853,1872,1890,1925,1942,1943,1954,2016,2017,2031,2053,2057,2081,2091,2106,2108,2141,2159,2166,2171,2191,2202,2212,2239,2240,2276,2278,2285,2286,2317,2370,2412,4779,4807,4826,4840,4857,4884,4900,4939,4958,5023,5104,5151,5165,5210,5236,5249,5253,5276,5279,5349,5353,5395,5486,5577,5644,5651,5717,5718,5720,5726,5741,5748,5757,5768,5772,5776,5779,5784,5798,5800,5811,5822,5830,5831,5832,5836,5837,5856,5860,5865,5867,5874,5890,5893,5907,5921,5950,5984,5993,6008,6009,6010,6011,6012,6013,6016,6017,6019,6020,6021,6022,6023,6024,6025,6030,6034,6035,6036,6038,6039,6040,6041,6042,6043,6046,6064,6069,6070,6071,6073,6074,6076,6077,6085,6086,6087,6088,6090,6091,6092,6094,6095,6096,6097,6098,6099,6100,6101,6102,6104,6105,6106,6107,6108,6109,6111,6112,6113,6114,6115,6118,6119,6122,6123,6124,6125,6126,6128,6131,6132,6133,6134,6136,6137,6138,6140,6141,6142,6145,6148,6149,6150,6151,6153,6154,6163,6166,6169,6172,6173,6174,6177,6180,6184,6188,6189,6191,6192,6193,6194,6195,6198,6201,6202,6203,6209,6210,6214,6216,6217,6218,6220,6221,6231,6235,6237,6238,6240,6241,6242,6243,6244,6252,6255,6258,6268,6276,6284,6296,6390,6396,6413,6424,6434,6445,6680,6739,6740,6744,6749,6750,6805,6806,6814,6830,6897,6898,6900,6901,6903,6904,6907,6908,6909,6911,6913,6915,6917,6918,6919,6920,6922,6923,6924,6926,6927,6929,6931,6932,6933,6938,6940,6943,6944,6945,6951,6956,6957,6958,6959,6960,6961,6963,6966,6967,6968,6969,6970,6971,6973,6974,6975,6976,6979,6981,6982,6984,6986,6987,6989,6990,6992,6997,7000,7002,7003,7008,7013,7014,7025,7026,7028,7031,7033,7036,7058,7061,7062,7063,7064,7067,7068,7071,7072,7077,7081,7092,7094,7096,7102,7103,7106,7107,7109,7111,7117,7119,7120,7125,7126,7127,7130,7133,7138,7143,7147,7158,7160,7161,7162,7163,7164,7165,7169,7177,7181,7183,7186,7192,7199,7202,7203,7207,7208,7209,7213,7217,7218,7223,7231,7236,7244,7248,7250,7255,7258,7268,7273,7276,7280,7282,7287,7288,7296,7298,7305,7306,7307,7314,7316,7319,7320,7322,7323,7327,7328,7332,7333,7337,7342,7343,7344,7346,7347,7349,7350,7353,7354,7356,7358,7359,7372,7373,7377,7378,7382,7383,7384,7387,7394,7396,7404,7411,7413,7415,7416,7417,7418,7419,7424,7427,7430,7460,7461,7471,7475,7477,7514,7515,7516,7517,7520,7521,7523,7525,7529,7530,7566,7568,7717,7757,7767,7917,7947,8037,8057,8077,8132,8171,8214,8222,8227,8230,8231,8233,8234,8235,8236,8237,8238,8239,8240,8241,8242,8243,8244,8246,8247,8249,8256,8258,8259,8264,8283,8284,8285,8290,8297,8306,8307,8311,8312,8326,8334,8335,8337,8343,8351,8354,8357,8365,8366,8369,8376,8386,8387,8419,8420,8422,8424,8426,8427,8464,8483,8699,8723,9027,9057,9058,9067,9069,9070,9075,9078,9079,9081,9084,9085,9089,9091,9095,9099,9100,9102,9103,9104,9105,9106,9111,9113,9114,9115,9121,9125,9128,9130,9131,9133,9134,9298,9312,9314,9321,9323,9332,9336,9339,9343,9352,9353,9363,9369,9370,9371,9380,9381,9382,9383,9386,9388,9390,9391,9392,9394,9395,9399,9402,9404,9405,9407,9408,9409,9412,9413,9416,9421,9427,9433,9436,9437,9442,9450,9451,9452,9453,9454,9455,9470,9471,9476,9481,9503,9506,9507,9508,9509,9510,9511,9512,9513,9514,9515,9517,9518,9519,9520,9521,9522,9523,9524,9525,9526,9527,9528,9529,9530,9531,9532,9533,9534,9535,9536,9537,9539,9540,9541,9542,9543,9544,9545,9546,9547,9548,9549,9550,9551,9552,9553,9554,9555,9556,9557,9558,9559,9560,9561,9562,9564,9565,9567,9568,9569,9571,9573,9574,9576,9577,9578,9579,9581,9582,9583,9584,9585,9586,9587,9588,9589,9590,9591,9592,9593,9594,9595,9596,9597,9598,9599,9600,9601,9602,9606,9607,9608,9609,9610,9611,9612,9613,9615,9616,9617,9619,9620,9621,9622,9624,9625,9626,9627,9628,9629,9630,9631,9632,9633,9634,9635,9636,9637,9638,9639,9640,9641,9642,9643,9644,9645,9646,9647,9648,9649,9651,9653,9655,9656,9657,9658,9659,9660,9661,9663,9664,9665,9666,9667,9668,9669,9670,9671,9672,9673,9676,9677,9678,9679,9680,9681,9682,9683,9684,9685,9686,9687,9689,9690,9691,9692,9693,9694,9695,9696,9697,9698,9699,9700,9701,9703,9704,9705,9706,9707,9708,9709,9710,9711,9712,9713,9714,9716,9717,9718,9719,9720,9721,9722,9723,9725,9726,9727,9728,9729,9730,9731,9732,9733,9735,9736,9737,9738,9739,9741,9743,9744,9745,9747,9748,9749,9754,9755,9756,9757,9758,9759,9761,9762,9764,9766,9768,9769,9770,9771,9772,9774,9775,9776,9777,9778,9779,9780,9781,9782,9783,9784,9785,9786,9787,9788,9789,9790,9791,9792,9793,9794,9795,9796,9797,9798,9799,9800,9801,9802,9803,9804,9805,9806,9807,9808,9809,9810,9811,9812,9813,9814,9815,9816,9817,9819,9820,9821,9822,9823,9824,9825,9826,9827,9828,9830,9831,9832,9833,9834,9835,9836,9837,9838,9839,9840,9841,9843,9844,9845,9846,9847,9848,9849,9850,9851,9852,9853,9854,9855,9856,9857,9858,9859,9860,9861,9862,9864,9866,9867,9868,9869,9870,9871,9873,9874,9875,9876,9877,9878,9879,9880,9881,9882,9883,9885,9886,9887,9888,9890,9891,9892,9894,9895,9897,9898,9899,9900,9901,9902,9903,9904,9905,9906,9908,9909,9910,9911,9912,9914,9915,9917,9918,9920,9921,9924,9925,9926,9927,9928,9929,9930,9932,9933,9935,9937,9938,9939,9941,9942,9943,9944,9945,9946,9947,9948,9949,9950,9951,9952,9953,9955,9956,9957,9958,9959,9960,9962,9963,9964,9965,9966,9968,9969,9970,9971,9972,9973,9974,9975,9976,9978,9979,9980,9981,9982,9983,9984,9985,9986,9987,9988,9990,9991,9993,9995,9996,9997,9998,9999,10001,10002,10004,10005,10006,10008,10009,10010,10011,10012,10013,10014,10015,10017,10018,10020,10022,10023,10027,14312,14313,14314,14315,14318,14319,15560,15591,15592,15593,18694,18696,19949,19950,19951
"chr5,287537",-20,-20,8,7,-20,-20,6,16,7,12,12,-20,36,34,23,26,23,14,71,59,62,5,65,27,42,29,27,37,17,11,11,12,22,25,55,54,37,21,30,13,43,43,21,25,26,45,12,48,11,22,26,33,64,38,26,22,47,35,37,38,32,24,38,22,23,27,34,47,44,16,25,15,25,32,31,56,19,13,20,14,13,22,22,10,19,49,28,56,22,16,31,31,42,32,28,29,34,43,15,39,35,23,6,10,41,42,5,24,41,18,16,6,41,30,14,11,49,23,16,13,22,11,10,11,44,-20,5,50,21,16,25,13,11,15,29,35,46,-20,-20,18,11,-20,-20,9,39,-20,-20,39,6,8,13,42,37,30,42,12,25,41,109,53,14,17,20,-20,-20,12,-20,6,6,8,67,101,32,30,24,56,51,15,39,178,42,31,24,12,43,17,7,38,33,18,40,22,10,21,7,53,35,34,37,18,19,25,49,21,85,34,36,159,20,25,179,25,32,30,34,25,127,25,40,9,31,18,55,33,39,29,19,33,22,31,42,25,49,70,21,16,24,31,24,22,33,19,24,49,24,34,25,28,46,24,35,45,9,21,26,71,21,19,55,31,33,17,41,14,15,19,13,26,33,14,21,59,36,25,32,41,34,60,47,86,25,19,9,29,8,19,19,9,21,13,15,19,10,21,114,40,55,7,9,7,20,14,12,9,15,40,39,5,24,32,39,47,30,69,4,11,10,18,15,84,16,27,17,25,18,13,15,23,14,22,10,17,11,16,32,11,18,40,46,10,9,20,12,11,9,35,4,29,14,15,18,15,7,18,21,13,10,9,28,14,13,14,21,11,7,28,11,19,11,17,11,-20,10,25,10,11,23,43,13,10,22,12,-20,22,12,14,27,9,19,9,12,17,10,10,13,16,20,16,65,12,10,11,9,19,17,16,10,18,16,19,17,10,19,22,10,13,15,8,16,19,9,18,20,26,7,26,16,12,30,18,26,-20,165,22,9,10,7,12,12,9,12,14,-20,8,17,13,7,11,29,11,30,14,11,10,7,7,14,24,12,7,6,14,22,10,12,9,7,14,13,7,7,13,23,16,24,8,11,9,61,28,16,11,5,13,6,25,13,16,12,13,11,5,19,13,14,9,15,28,18,15,6,8,-20,10,35,17,21,7,33,10,10,24,5,9,33,34,49,38,24,37,46,13,13,44,44,11,10,38,11,18,30,32,27,6,23,3,10,20,11,8,36,30,41,15,13,13,21,22,31,34,35,3,36,7,15,12,14,28,31,4,11,23,33,31,12,7,37,14,47,6,17,20,20,28,20,7,9,48,30,16,18,42,43,38,44,27,37,61,15,55,27,18,39,11,16,17,27,28,10,32,10,37,29,24,35,11,13,55,17,16,-20,24,27,-20,24,26,28,29,6,20,18,31,56,20,88,34,32,25,30,12,-20,31,40,53,29,38,28,43,30,25,72,43,45,6,37,18,138,41,18,21,29,35,32,27,32,32,44,8,43,48,14,32,14,106,45,42,40,35,22,29,21,32,10,13,20,17,14,14,17,9,18,9,24,14,21,17,28,15,29,20,20,23,14,11,9,10,33,15,38,19,16,15,21,14,24,28,19,13,12,9,15,14,21,15,14,9,19,8,21,19,20,26,17,20,12,20,21,14,9,27,15,11,19,22,12,13,10,16,17,18,-20,21,13,15,12,21,9,19,-20,25,31,20,20,10,24,13,15,22,9,28,13,12,13,6,7,15,14,16,12,24,17,17,15,14,14,15,13,12,11,9,12,11,15,12,12,7,14,25,17,11,8,16,28,5,8,10,12,14,7,8,18,11,18,13,19,17,11,17,14,16,12,11,8,16,9,6,6,12,8,8,24,10,7,9,11,9,8,6,9,12,13,12,11,16,12,-20,12,17,17,10,17,17,-20,14,23,18,21,6,20,10,11,16,21,8,10,14,10,15,8,20,6,13,24,18,27,7,13,11,9,9,20,12,18,24,11,20,8,11,15,15,12,10,5,15,16,9,8,27,23,8,13,12,14,20,4,40,11,34,25,27,18,22,22,21,30,19,27,18,12,14,32,19,18,37,11,14,15,31,33,20,18,14,20,-20,38,26,20,20,20,12,22,11,13,10,23,10,22,15,9,22,21,-20,7,15,7,19,15,7,29,10,-20,13,14,23,13,20,17,12,13,13,19,14,16,21,10,11,12,12,12,6,19,21,10,21,14,11,20,15,10,15,13,11,10,7,-20,10,5,6,12,10,-20,7,12,13,18,14,17,16,8,13,22,24,17,17,15,13,17,17,19,17,14,43,25,26,16,13,27,19,23,22,20,14,13,12,11,22,-20,8,24,6,5,19,12,13,18,10,14,10,12,10,14,21,5,12,20,7,23,16,17,-20,25,20,33,7,9,10,11,11,20,9,-20,22,9,11,5,19,6,7,5,-20,-20,21,4,3,3,9,19,3,8,6,26,3,10,17,6,5,13,4,5,6,4,5,-20,-20,16,10,8,7,15,8,14,10,10,4,-20,8,3,8,19,16,9,6,11,19,5,18,11,-20,19,12,20,24,18,14,13,45,38,55,80,74,43,52,52,35,40
"chr5,287547",-20,9,8,9,7,-20,10,18,7,13,12,7,39,40,27,29,24,17,73,60,64,6,69,31,46,30,27,40,18,12,11,11,25,26,65,57,38,24,32,14,43,42,21,17,27,44,12,51,13,22,30,33,66,44,23,22,46,36,40,42,36,27,39,25,24,29,32,50,48,16,30,15,31,33,33,59,22,16,23,12,13,23,21,14,18,50,28,61,23,18,33,31,44,33,29,28,36,52,14,39,34,25,5,13,43,47,6,26,45,19,16,8,40,33,17,12,48,23,17,13,24,12,12,11,44,-20,6,51,22,16,24,15,15,17,30,33,43,7,-20,18,12,6,9,10,41,6,-20,39,8,9,12,40,31,30,48,12,36,50,107,53,14,17,23,8,5,13,9,7,5,6,74,124,33,41,21,47,50,18,41,191,45,34,31,18,43,18,6,38,39,33,40,18,11,19,8,54,47,42,31,18,21,26,51,25,83,33,33,174,19,26,153,23,44,29,33,23,137,27,47,10,33,21,57,36,40,32,21,34,24,30,45,26,53,71,21,17,25,38,23,24,36,13,34,53,22,36,23,27,47,29,34,44,11,22,27,72,21,17,63,22,28,12,39,15,16,21,15,28,35,15,20,76,44,23,38,40,32,69,50,85,26,20,8,30,7,20,19,7,22,13,14,20,11,27,101,57,61,8,9,10,20,16,14,10,13,41,41,6,31,34,40,50,35,73,4,11,12,18,16,92,13,30,17,25,20,13,15,26,16,19,11,20,10,18,33,15,20,42,48,12,10,25,13,15,11,32,-20,31,16,15,20,17,6,20,24,14,10,11,30,12,15,16,29,15,7,26,13,20,12,21,16,5,12,33,10,14,24,52,15,13,22,15,3,24,16,16,28,12,21,7,12,19,16,10,12,18,21,18,69,13,12,12,12,22,21,19,16,24,20,24,18,10,18,24,10,13,18,8,18,20,8,18,19,28,8,29,19,16,31,18,33,9,174,22,14,11,8,13,13,11,13,15,-20,8,21,13,11,12,34,13,34,16,10,12,8,8,20,25,13,6,6,15,22,10,8,10,14,14,19,7,9,14,24,12,23,11,11,9,60,32,16,11,7,14,5,25,15,17,17,18,10,5,17,12,16,9,15,28,16,13,8,9,12,14,38,15,22,7,29,12,13,25,5,8,36,35,53,48,23,40,45,13,13,45,44,13,12,37,13,18,34,30,35,8,24,5,12,23,15,7,37,21,42,18,15,13,24,27,35,56,36,4,42,7,11,12,13,33,33,8,14,22,37,30,11,7,36,15,60,8,17,21,23,30,19,8,9,52,32,20,18,43,48,40,45,29,44,63,14,55,26,21,40,11,18,20,27,29,9,34,9,41,27,29,32,12,14,60,18,18,7,27,27,17,30,27,30,36,6,24,19,29,54,22,88,35,36,23,33,14,25,33,39,58,33,42,28,38,26,32,68,46,44,8,39,32,129,48,18,21,27,37,37,29,31,35,48,10,47,38,14,38,16,106,39,48,34,36,20,25,21,39,11,11,21,19,15,19,21,10,22,9,27,17,28,16,28,15,31,23,23,23,16,14,11,12,35,13,43,22,16,16,22,15,26,28,21,12,13,10,15,15,26,16,15,12,23,8,26,19,18,26,19,20,16,23,21,15,12,32,17,13,21,22,14,16,12,15,20,22,8,22,14,16,10,22,10,19,-20,25,32,21,23,11,26,13,14,21,11,28,12,14,14,6,7,16,13,17,13,26,18,16,16,15,14,-20,17,12,11,10,17,11,17,12,12,8,-20,25,16,11,8,16,31,5,9,11,11,16,7,-20,16,10,17,13,19,18,12,16,14,18,13,10,10,16,13,7,7,13,7,9,26,11,11,11,11,11,8,8,10,14,14,14,12,18,11,6,19,17,18,11,16,20,14,14,24,20,24,-20,25,9,11,18,22,8,9,13,9,17,8,22,6,15,23,19,29,7,14,13,11,9,19,15,17,28,12,19,9,11,16,14,12,12,6,15,17,8,8,26,25,12,14,13,15,21,6,52,12,36,26,31,18,20,20,22,31,21,30,21,13,16,35,24,20,37,12,16,19,32,34,24,19,14,21,7,40,26,22,21,23,14,22,10,16,12,25,12,21,14,10,22,19,-20,10,13,6,19,18,7,27,14,9,14,19,24,12,24,17,15,12,15,17,14,19,22,11,11,13,16,11,6,19,22,12,22,14,-20,22,17,8,16,14,13,11,6,6,11,6,6,13,9,9,9,13,22,18,14,17,19,11,14,27,26,20,19,16,14,16,16,22,18,15,46,27,28,16,14,30,20,22,23,20,18,14,10,12,22,3,10,20,7,7,20,13,14,19,10,16,11,11,15,14,-20,4,14,19,7,24,15,23,-20,30,20,35,10,11,10,17,14,23,8,5,27,10,20,11,27,7,6,7,7,13,22,6,3,3,9,21,3,8,5,28,5,13,18,4,4,16,5,8,5,5,9,7,-20,21,15,6,9,20,-20,17,10,19,7,-20,9,5,13,21,20,11,7,13,16,6,-20,16,-20,19,11,19,22,18,21,16,51,40,55,70,83,46,54,52,41,42
"chr5,287610",11,27,13,15,21,13,23,11,11,13,17,17,35,33,36,34,30,24,86,72,58,17,58,31,59,24,24,41,29,11,20,13,29,29,63,65,37,29,26,18,47,40,34,14,21,40,9,61,17,41,54,38,57,31,26,17,55,41,30,38,44,39,32,30,24,43,34,49,51,18,37,23,35,36,32,51,22,23,27,21,24,22,22,25,21,46,22,53,43,17,27,30,34,39,31,29,28,54,13,33,32,34,10,17,33,55,13,37,36,23,16,15,30,47,23,15,58,20,16,17,18,20,20,16,25,8,6,43,27,31,18,15,19,21,25,43,34,16,14,24,24,18,28,20,48,16,20,43,15,25,14,33,42,69,47,8,34,70,122,38,14,16,24,17,10,23,21,11,9,13,109,114,80,53,15,54,26,35,54,208,42,50,48,26,37,20,9,48,25,40,53,26,17,23,24,71,69,44,50,16,34,27,58,57,95,50,74,148,25,25,134,30,78,47,54,63,165,38,49,15,42,45,56,36,44,40,54,41,31,31,39,31,53,98,23,33,41,65,38,54,35,41,59,50,27,26,48,36,46,27,47,61,10,17,32,50,40,24,47,55,31,33,51,19,46,24,17,41,62,40,37,75,65,23,75,47,39,108,27,102,37,24,15,26,8,41,37,8,14,23,25,29,11,44,116,77,89,12,13,13,23,17,18,10,14,25,41,12,47,50,41,56,35,61,6,19,33,13,20,168,13,41,17,23,40,18,30,34,21,16,15,13,15,17,36,26,19,30,38,29,14,29,31,30,22,36,10,36,22,10,19,15,11,22,28,16,13,18,71,9,22,27,48,22,9,46,28,28,12,32,22,11,9,58,10,15,25,89,15,14,19,20,8,25,12,18,32,16,22,17,11,19,30,15,10,24,12,18,93,22,12,18,18,18,26,22,24,37,33,21,23,16,21,28,17,18,22,10,23,26,11,25,34,30,16,44,20,29,42,32,44,12,166,34,13,14,17,20,16,17,19,21,9,23,27,21,22,22,45,24,67,27,6,17,19,18,26,30,14,15,12,15,34,15,14,16,19,19,37,8,6,18,36,20,29,15,18,21,63,36,26,18,13,18,9,35,19,21,28,24,21,14,16,11,22,23,17,30,22,18,16,19,13,17,47,9,32,13,25,13,24,29,10,5,45,55,49,50,14,49,40,14,24,41,45,16,11,38,15,21,44,48,42,14,20,12,14,48,17,13,43,87,98,14,9,18,40,36,50,87,63,13,41,9,13,8,16,39,34,17,11,29,48,42,16,8,39,17,90,14,28,33,27,28,32,12,20,88,28,30,14,47,52,37,33,38,60,61,18,55,21,22,36,13,26,22,25,19,5,32,12,49,31,53,26,17,18,62,35,17,8,21,22,28,48,34,34,37,6,25,18,43,43,20,71,31,31,39,37,19,30,23,42,56,34,53,40,43,42,46,125,35,45,15,62,40,158,71,18,21,22,49,43,26,36,61,38,20,51,44,10,48,31,169,41,67,68,30,25,35,24,41,12,18,20,26,16,24,23,19,22,18,31,20,31,22,35,26,30,30,26,24,27,14,15,21,25,11,42,29,15,21,27,18,23,22,20,14,17,10,21,25,31,20,14,11,22,12,32,23,34,27,21,23,14,25,27,21,13,41,20,25,27,38,16,23,15,18,12,29,12,19,24,17,12,31,11,16,9,34,38,17,22,11,23,16,18,28,19,32,15,13,19,16,9,14,15,11,12,30,24,15,20,15,24,15,20,12,11,16,15,12,19,10,6,9,10,27,12,9,10,9,30,11,8,10,7,10,12,16,12,6,14,15,27,19,13,16,17,23,13,11,15,14,16,8,17,16,15,14,30,14,22,18,19,21,6,10,15,27,18,15,15,21,16,10,22,17,31,17,13,23,17,14,21,28,35,12,28,9,15,17,23,11,11,21,13,18,11,30,11,14,21,18,25,7,10,19,17,12,21,22,22,31,17,16,9,12,15,15,15,13,10,20,17,14,4,24,26,13,10,12,24,27,16,107,13,22,21,28,22,27,21,24,41,29,36,21,18,25,35,36,24,37,11,19,25,58,37,33,13,14,23,18,51,26,19,17,28,21,25,20,27,14,33,19,18,14,15,14,24,6,15,18,7,28,27,19,41,25,9,16,26,26,16,25,20,30,22,25,15,23,18,33,18,12,12,30,19,7,29,26,25,27,19,12,37,16,18,27,17,16,16,5,10,15,7,9,17,16,14,20,16,39,26,18,18,26,15,14,27,27,27,22,13,16,23,19,36,17,29,66,25,35,30,13,39,37,30,39,29,18,14,14,19,32,4,15,37,17,18,18,17,17,22,20,16,19,15,17,13,20,12,15,23,11,27,13,29,9,28,56,26,9,11,17,30,21,33,11,7,55,7,21,6,38,12,-20,5,5,11,31,8,5,-20,12,36,8,13,-20,33,10,12,44,10,8,32,14,4,6,9,13,8,10,27,12,4,5,24,11,23,10,29,7,5,12,4,15,40,20,21,13,9,30,4,49,12,-20,28,15,22,29,22,27,25,57,44,41,141,68,54,52,64,39,45
"chr5,287644",12,33,12,22,24,22,30,15,18,9,22,18,40,39,29,28,36,25,96,81,56,16,49,37,64,28,18,38,31,15,27,17,24,30,63,75,43,31,39,18,41,47,42,19,23,38,10,72,18,59,50,41,48,36,28,19,47,45,22,37,46,37,34,30,30,45,36,50,56,16,37,25,38,38,25,50,24,19,25,20,22,24,23,26,18,35,29,58,52,15,27,21,39,43,28,34,33,55,16,32,26,40,7,19,30,51,14,47,33,18,18,16,29,38,16,13,56,22,10,15,17,17,18,18,21,16,8,36,29,35,24,14,15,18,32,54,48,19,11,22,21,28,34,22,52,25,23,49,17,23,14,29,81,83,53,9,34,70,151,40,10,15,32,23,13,28,20,10,14,26,131,101,124,42,16,67,23,33,50,228,47,47,52,27,68,12,16,67,33,31,51,40,13,23,18,70,46,44,70,26,30,21,82,50,106,70,59,195,27,31,139,32,70,58,51,85,175,36,58,12,32,53,78,54,52,47,73,38,31,35,38,35,47,95,25,32,42,66,34,59,38,40,44,50,32,32,56,34,48,23,40,54,10,18,25,48,34,38,26,52,32,46,51,25,44,25,21,46,69,47,46,70,58,27,73,44,50,92,28,99,44,27,17,29,6,51,37,13,14,23,24,35,11,37,113,86,108,14,26,13,25,14,19,8,15,28,42,15,46,52,44,61,39,65,9,18,33,19,22,174,9,38,13,20,29,18,33,39,19,20,12,17,15,17,41,31,21,29,46,24,22,27,33,30,23,26,14,47,22,11,27,16,11,28,32,13,15,15,61,14,26,29,47,20,16,30,27,28,14,29,20,18,10,54,14,10,25,77,19,12,18,21,8,24,19,20,38,20,20,16,8,27,27,17,8,28,12,19,106,22,17,21,16,18,27,22,22,36,38,24,22,21,24,33,18,24,15,13,26,20,14,25,39,33,17,47,24,23,36,35,46,15,167,39,15,15,18,14,17,17,24,16,15,29,26,21,17,24,46,21,76,25,10,22,23,18,17,38,13,19,12,20,31,18,21,22,13,21,36,8,8,19,35,16,27,15,26,25,60,36,28,21,19,18,10,35,19,24,32,24,25,18,22,17,21,24,16,32,24,19,22,28,11,18,47,14,34,20,49,17,27,23,9,13,45,57,51,49,24,53,43,13,21,38,45,16,10,38,14,24,42,60,39,-20,27,18,12,51,13,11,63,109,89,15,13,23,41,38,43,66,63,24,31,11,15,7,15,40,38,16,16,33,52,60,17,13,43,18,104,14,27,31,29,32,31,10,24,59,21,28,14,53,56,33,32,41,61,66,22,63,25,24,36,16,31,21,20,25,7,39,13,51,26,48,23,18,18,82,39,15,12,26,35,33,53,42,37,37,8,20,15,44,46,22,71,29,33,47,32,21,29,27,48,56,35,52,43,68,50,43,171,42,55,11,54,42,170,60,23,25,28,42,49,42,57,59,39,24,55,59,16,55,38,167,50,64,72,41,28,43,34,39,20,13,28,26,22,27,22,18,19,18,18,24,28,21,37,24,33,31,33,24,26,11,21,29,33,17,35,33,17,18,27,17,30,19,23,11,24,17,21,25,39,20,14,16,29,17,29,27,39,20,19,25,16,19,25,19,13,27,18,26,30,29,19,22,14,15,15,26,19,18,24,13,13,28,17,41,8,30,44,20,19,12,24,23,10,40,20,40,17,10,13,20,15,17,12,13,11,30,23,14,15,15,25,15,16,9,6,18,14,9,23,9,12,9,8,24,14,10,12,20,26,13,15,14,9,16,17,12,14,12,14,12,24,11,13,14,18,17,12,13,15,12,13,8,15,18,19,13,33,13,28,19,19,22,7,13,26,30,25,15,16,19,20,7,18,24,43,19,16,30,21,15,19,26,27,10,32,10,26,25,18,16,12,18,19,15,13,25,16,12,28,17,23,9,11,24,12,12,22,25,26,30,19,19,11,10,19,18,18,17,12,14,19,17,8,27,23,19,7,14,20,27,17,107,13,35,26,20,27,27,31,20,43,28,20,24,21,27,30,27,26,41,12,23,36,60,42,29,19,14,23,21,53,38,39,13,33,23,32,30,32,25,29,22,15,12,15,11,23,12,14,19,10,32,20,23,38,22,15,24,40,28,22,18,24,29,23,22,15,29,16,29,19,15,15,38,20,8,42,29,39,26,21,13,36,22,32,30,23,15,14,9,12,15,14,13,14,17,17,20,19,29,29,19,20,27,25,20,26,37,26,30,17,16,30,16,33,18,22,71,20,27,34,19,38,43,30,51,41,15,17,14,23,26,7,16,44,19,22,16,25,16,35,17,14,20,12,10,16,24,14,20,16,16,25,14,24,10,31,43,26,-20,-20,11,24,19,27,17,7,48,9,25,6,39,8,12,3,15,14,36,8,4,4,15,30,3,19,4,42,3,11,36,4,12,33,5,4,14,6,10,17,4,26,18,11,-20,23,6,30,12,33,8,3,12,3,11,41,36,24,7,17,32,7,40,22,-20,33,12,25,28,25,18,29,52,38,62,123,67,49,48,59,38,47
"chr5,287661",12,31,12,22,24,21,34,18,14,9,23,18,44,37,26,20,39,27,99,83,54,17,44,37,64,32,19,41,33,18,28,20,32,29,65,73,43,33,35,17,38,41,40,19,22,32,10,79,18,56,51,37,51,39,29,20,55,43,23,33,50,32,41,36,33,44,37,53,56,14,37,21,41,40,30,53,21,13,26,16,21,22,24,25,18,32,30,52,52,14,27,29,41,45,29,32,38,58,16,31,25,43,7,18,26,50,13,41,26,18,15,16,28,31,15,11,65,20,10,14,14,17,15,17,24,15,12,26,31,34,23,15,14,19,33,58,52,17,10,23,23,25,31,20,44,28,21,54,17,18,12,30,95,88,58,12,41,66,159,44,11,14,24,25,12,22,17,7,11,28,129,110,114,61,19,65,21,37,51,188,53,47,47,28,70,14,19,71,37,22,58,43,13,23,19,66,52,40,74,27,32,19,91,54,116,79,56,231,43,34,148,29,66,67,50,78,157,30,54,12,31,50,64,60,38,43,72,45,29,41,34,37,54,102,20,33,44,52,34,62,35,40,37,57,26,32,61,42,42,20,40,50,10,19,22,45,36,43,28,47,33,48,59,28,34,23,24,39,59,46,63,88,61,30,62,41,48,103,28,93,48,28,15,30,5,45,30,16,13,25,21,31,10,35,115,91,96,13,23,13,28,16,19,8,15,30,39,12,48,49,48,62,37,67,8,21,34,20,23,166,12,43,15,16,21,17,26,42,21,22,7,21,18,16,45,35,25,27,42,24,24,23,27,31,23,27,16,43,20,10,28,17,8,30,35,14,15,20,65,14,29,27,45,19,19,30,27,31,14,28,20,17,9,52,19,13,26,81,20,12,19,22,10,25,20,19,31,17,17,19,6,31,25,18,10,28,14,18,122,19,18,21,14,11,30,27,25,36,34,21,24,21,23,36,15,23,18,14,27,26,14,24,40,37,18,48,20,21,34,34,43,16,165,42,16,21,16,15,17,20,24,16,18,32,31,23,19,23,46,19,85,16,9,20,24,14,16,44,14,17,12,29,29,18,20,19,11,20,30,8,4,18,36,18,29,11,27,23,61,39,31,20,14,16,15,38,18,23,30,27,24,24,19,17,24,19,17,29,24,24,26,31,14,24,53,15,31,18,54,17,26,24,9,14,50,53,60,53,24,54,41,15,21,40,51,13,12,39,15,26,39,58,33,12,28,17,9,49,14,11,62,82,92,15,14,23,36,47,35,58,75,26,30,9,15,6,13,42,36,12,18,33,61,55,19,15,42,20,108,18,32,26,29,41,38,10,23,64,20,26,16,52,58,30,35,36,75,59,18,63,26,24,31,16,28,15,21,24,7,34,13,56,27,39,24,21,18,79,41,18,10,25,38,29,51,42,36,36,10,21,16,38,45,19,86,31,33,56,38,17,29,24,46,63,32,55,39,65,48,42,161,40,61,14,50,47,168,79,21,28,34,40,50,37,58,51,44,21,50,89,18,50,37,172,54,81,67,42,35,39,35,40,17,7,27,21,23,31,23,18,21,12,16,28,27,22,35,28,34,28,31,24,21,8,20,24,30,21,30,30,16,16,28,15,28,18,22,13,25,20,23,24,37,20,14,13,29,14,24,24,36,22,17,23,16,22,27,16,13,19,17,27,30,25,21,20,15,14,16,27,16,18,20,13,13,27,15,41,6,26,43,20,21,13,26,20,9,36,19,41,17,10,12,22,11,19,12,16,13,26,24,15,15,17,21,14,20,7,4,17,15,9,21,8,12,9,9,24,12,10,12,22,25,13,16,14,8,16,14,14,12,13,15,9,23,10,15,14,20,17,11,14,14,11,13,8,12,18,21,14,32,15,26,21,20,21,5,12,27,34,23,17,14,21,19,7,18,26,43,21,15,29,18,18,20,25,28,11,31,12,25,25,20,15,15,17,17,14,12,24,15,9,33,15,23,10,10,25,13,13,21,21,26,29,16,19,8,8,20,19,18,16,12,14,19,16,9,25,23,23,8,14,24,35,14,111,17,34,27,18,27,24,28,22,45,26,17,22,24,23,30,23,27,41,12,21,34,55,45,28,16,13,21,22,54,38,38,13,34,21,33,26,29,26,28,20,13,14,16,12,19,12,16,19,10,31,18,22,33,21,16,25,38,25,21,19,21,28,25,20,16,30,14,28,14,18,16,34,18,7,45,29,41,24,24,12,34,25,32,29,21,15,17,8,12,15,13,16,16,20,16,18,18,22,32,18,19,25,24,20,27,36,28,26,16,18,33,16,27,15,25,63,19,25,33,17,39,37,26,40,39,14,17,15,23,21,6,15,41,16,25,14,24,16,35,20,15,19,13,6,14,21,14,23,15,15,24,16,21,8,29,37,34,5,7,17,23,18,30,11,8,44,10,25,8,46,-20,10,-20,13,14,46,11,5,-20,21,32,6,17,-20,46,7,16,33,5,8,26,8,5,11,6,10,15,-20,25,14,12,5,21,9,25,18,35,7,4,12,4,11,47,37,24,9,19,33,6,34,31,5,35,13,25,25,19,15,33,54,36,79,133,65,54,43,53,35,42
"chr5,287668",14,34,14,22,27,24,36,18,16,10,20,17,43,41,27,23,34,29,107,81,56,20,48,36,71,35,22,43,32,18,29,21,31,30,67,73,46,38,37,16,42,41,43,18,26,33,12,83,17,54,53,35,56,42,26,18,52,42,29,38,49,32,42,38,33,42,36,57,58,14,39,22,43,40,30,53,24,14,26,20,21,22,28,23,20,30,29,53,44,17,28,27,42,46,28,35,37,57,15,31,29,42,8,18,27,52,12,41,26,22,20,16,31,39,13,12,63,19,9,13,16,17,15,17,26,17,13,30,35,34,27,16,15,20,33,55,54,20,10,27,22,28,31,18,47,34,20,50,20,16,12,30,85,81,60,13,43,59,177,46,14,15,26,27,12,26,18,9,12,25,143,111,109,66,22,65,18,38,58,169,54,49,67,24,75,17,16,73,43,23,60,42,15,22,20,70,68,40,73,25,28,21,100,50,113,79,55,234,48,33,150,30,71,67,53,77,164,32,63,13,32,44,66,61,42,45,79,35,32,44,30,37,53,110,20,29,45,48,36,64,32,34,34,59,26,31,61,39,51,18,43,49,13,18,21,47,38,44,29,41,50,46,52,28,37,26,22,39,54,54,64,86,66,28,60,39,47,112,31,100,39,32,11,28,5,38,28,16,16,21,22,25,13,35,122,96,97,13,25,14,27,15,22,9,20,33,39,13,46,47,46,63,39,64,9,22,33,24,25,179,14,43,15,17,21,16,25,40,21,21,8,23,18,20,44,35,28,28,41,27,25,19,30,31,23,26,18,45,21,10,28,19,8,30,39,15,18,21,65,15,31,26,49,16,20,30,30,32,15,30,22,21,10,51,18,14,25,75,24,15,18,26,10,31,19,21,31,18,17,22,6,32,28,20,12,26,12,19,121,20,20,19,12,12,30,26,30,38,33,24,22,22,23,39,15,27,23,11,25,29,12,21,41,41,21,48,19,25,34,36,41,19,180,43,19,23,17,15,18,21,23,16,18,30,29,29,20,24,51,19,90,14,11,21,25,15,17,45,14,16,13,28,27,17,24,20,15,21,34,7,4,18,36,20,29,13,26,22,72,41,27,15,18,16,12,41,20,25,34,27,24,25,20,13,27,15,18,27,25,22,26,28,14,26,52,15,28,18,59,17,25,26,9,15,49,59,66,52,26,53,45,16,22,44,53,13,13,39,13,25,37,60,35,14,28,16,8,45,14,11,60,63,88,11,15,22,29,50,35,67,83,25,34,8,16,5,13,44,37,13,19,32,67,55,19,15,39,23,120,17,33,26,30,44,43,11,22,67,19,27,15,48,61,30,36,32,80,60,20,65,29,23,34,16,32,16,24,26,8,33,14,64,30,41,28,24,20,83,39,22,12,29,42,29,54,43,37,35,15,20,17,46,49,19,90,31,37,65,37,16,29,29,48,65,34,47,38,73,50,45,156,44,63,15,40,46,160,82,20,28,40,43,52,37,55,49,44,23,49,98,19,49,36,170,54,74,75,43,33,45,36,38,15,9,27,18,23,30,25,19,22,15,16,30,24,22,35,28,36,27,35,24,21,13,20,23,32,22,29,33,19,14,30,19,26,22,22,14,25,21,22,26,41,21,20,14,31,13,29,25,35,25,17,27,17,24,27,15,13,24,20,26,31,26,22,18,17,15,17,32,19,22,19,14,17,26,16,42,5,26,46,21,25,14,25,19,13,37,25,45,19,11,13,24,12,21,15,16,15,27,23,15,16,19,23,13,20,8,5,18,16,10,20,8,14,9,12,27,11,9,12,22,26,15,17,14,10,18,13,14,12,18,14,10,23,11,16,15,20,22,11,16,18,12,14,10,14,20,23,15,34,17,30,21,19,23,4,12,32,36,24,18,14,22,22,8,17,26,45,21,13,29,19,19,21,30,30,11,32,14,28,26,22,15,14,22,16,14,12,26,17,9,37,16,24,11,11,25,15,15,24,21,25,30,18,21,10,9,23,19,21,16,13,15,19,16,12,27,24,22,11,14,21,40,14,119,15,35,29,21,30,28,31,25,49,29,19,23,25,30,28,25,28,41,17,20,36,60,44,27,18,13,25,23,61,41,44,15,37,21,36,25,30,27,31,18,14,15,15,14,21,11,14,22,9,25,20,25,35,22,18,23,39,24,21,19,21,26,24,21,15,30,15,29,14,21,16,35,17,8,44,32,43,26,22,13,36,27,30,25,23,17,20,7,11,14,16,16,16,19,17,18,19,26,34,19,22,29,29,22,25,39,25,26,16,16,35,16,26,17,24,67,21,26,34,20,36,39,26,37,44,16,19,16,27,19,6,14,42,15,27,16,26,17,37,19,17,21,13,8,14,21,14,22,18,16,23,16,25,7,34,36,37,5,7,20,24,15,31,10,5,47,10,27,-20,47,7,9,3,12,14,43,10,6,3,22,32,4,-20,7,45,8,16,30,4,9,32,7,-20,7,5,10,16,-20,24,20,10,6,23,12,20,15,29,5,5,13,4,14,49,40,19,7,22,40,4,34,30,6,30,14,25,28,20,17,34,55,37,79,138,70,49,45,56,39,47
"chr5,287682",15,32,10,17,25,23,32,20,15,12,20,19,44,45,27,27,32,-20,107,81,57,20,54,38,65,33,24,46,31,21,29,20,30,27,68,72,44,38,39,18,40,41,47,23,32,38,15,84,16,46,49,35,55,41,20,18,50,43,28,35,48,35,43,32,36,44,41,61,67,14,42,24,43,40,22,58,24,12,26,16,18,20,32,20,22,34,31,54,41,16,23,29,38,45,27,37,34,56,16,40,28,42,8,18,27,49,9,42,31,26,30,13,29,44,11,12,57,23,11,12,15,12,16,15,29,18,16,34,35,36,23,14,14,23,36,50,46,18,8,27,18,24,32,16,41,32,17,48,19,17,8,36,99,82,64,11,37,50,207,53,17,13,23,25,13,26,14,11,12,27,150,136,108,57,20,55,17,38,59,166,53,45,74,18,97,15,16,73,43,33,71,45,17,27,20,71,64,44,64,20,27,23,93,45,127,85,56,224,36,30,129,27,75,73,56,58,178,37,60,15,41,45,82,68,42,47,82,43,29,45,30,41,53,128,18,32,45,39,29,54,35,35,38,66,30,32,66,39,43,19,34,37,12,15,19,38,39,43,41,38,51,36,49,27,47,23,21,45,53,56,61,91,68,29,54,33,50,104,35,83,28,35,13,25,4,31,24,17,15,20,21,26,12,38,111,109,102,11,22,12,26,13,25,9,22,39,43,12,48,51,46,66,38,-20,9,20,38,25,28,186,14,47,18,15,15,17,20,40,26,24,12,20,18,17,46,32,27,34,39,26,25,22,24,27,21,23,16,44,21,11,29,22,5,28,30,18,18,18,71,17,30,22,44,21,20,30,28,29,17,32,22,24,10,55,17,16,21,80,28,18,22,31,9,29,19,21,33,17,19,20,8,36,24,20,11,28,14,23,130,22,20,17,13,18,30,29,29,41,40,27,23,27,22,39,18,26,26,11,22,31,14,24,40,43,29,42,19,27,36,35,45,15,195,38,19,23,17,19,17,20,25,18,17,31,31,28,21,23,46,19,82,14,11,23,25,19,18,50,17,-20,12,27,28,16,27,19,15,18,33,9,6,14,33,18,27,15,27,28,67,40,29,15,20,15,12,39,23,25,31,26,25,22,24,9,29,16,20,31,27,23,26,29,13,28,56,20,32,18,65,21,33,19,8,15,41,54,69,59,26,51,46,15,20,48,59,19,14,37,17,20,31,53,30,13,30,20,7,46,13,6,74,55,90,11,13,19,28,52,34,72,82,29,32,9,14,6,14,42,48,14,22,25,72,44,13,17,37,24,125,16,38,20,26,48,38,8,22,66,-20,26,17,45,53,33,33,35,78,66,23,66,25,22,40,17,24,15,22,26,10,34,13,62,34,40,32,28,18,83,43,24,12,27,43,29,53,41,35,36,16,18,16,40,43,18,84,38,38,63,39,15,24,32,53,66,41,48,32,83,44,40,137,46,59,9,26,38,143,84,22,28,36,48,59,41,51,49,40,21,57,114,20,46,28,148,65,65,74,44,28,53,36,33,15,8,33,21,23,37,25,19,23,16,19,37,32,-20,39,27,37,24,31,24,18,14,18,26,37,22,32,29,20,13,31,17,29,23,25,17,28,18,19,28,36,23,20,17,28,15,26,20,32,24,20,30,18,23,27,15,21,24,25,23,29,20,23,21,17,15,17,35,18,25,21,19,19,27,19,41,10,24,46,19,21,11,25,24,14,37,29,45,-20,13,13,22,12,20,12,16,-20,23,22,16,16,18,25,14,21,-20,4,-20,13,13,22,8,17,-20,15,27,12,9,12,24,28,15,20,14,8,21,14,11,13,18,16,7,24,9,14,15,20,23,13,15,18,14,10,12,13,17,20,15,31,15,29,21,15,21,3,13,33,36,25,21,13,23,25,-20,14,20,42,21,13,34,22,16,21,27,26,11,40,15,29,32,24,16,15,23,17,15,11,29,17,12,39,12,24,15,14,27,18,10,18,21,28,28,20,25,10,9,21,22,22,14,12,16,-20,17,14,-20,21,27,13,14,26,39,16,131,15,42,30,22,28,34,31,33,51,33,20,24,27,30,30,23,29,42,20,17,39,62,39,26,20,12,25,27,57,44,50,19,45,22,36,28,26,24,28,20,18,13,16,13,-20,13,17,21,8,27,17,27,39,25,20,22,32,23,21,24,18,26,26,26,16,36,16,25,18,23,19,27,19,9,41,30,44,29,22,10,37,33,33,25,28,16,19,8,11,11,20,15,22,21,21,20,22,29,35,16,28,34,34,24,24,40,27,23,17,18,40,19,23,17,29,64,23,28,34,22,37,40,20,36,41,17,17,17,27,22,7,15,36,14,25,19,31,15,36,18,16,21,11,9,18,21,12,20,17,18,21,17,27,4,33,42,43,7,12,24,32,18,31,11,5,48,7,31,10,49,8,8,3,7,11,42,9,-20,5,24,45,7,22,10,53,5,17,27,9,13,31,11,8,5,9,10,11,4,31,15,9,9,19,12,-20,11,34,6,4,8,9,12,54,34,17,7,-20,42,6,43,39,7,30,16,27,28,16,19,33,53,41,83,116,80,47,47,58,37,43
"chr5,287683",15,30,11,17,25,23,31,20,15,12,19,20,44,46,26,30,33,26,106,83,58,19,52,39,65,34,25,47,32,22,28,18,30,26,68,72,45,36,38,18,40,41,50,23,32,38,13,84,15,43,49,34,54,40,19,18,50,44,28,37,48,34,44,33,35,45,41,57,66,14,40,24,43,38,23,57,24,12,26,16,18,20,32,20,22,35,31,53,40,15,23,30,37,44,27,37,35,57,16,40,28,42,7,16,28,49,9,43,31,26,31,11,31,43,10,12,58,23,13,10,15,13,14,15,29,17,16,33,34,34,23,14,14,23,37,51,45,17,8,27,18,24,31,16,41,33,17,49,20,17,7,40,103,82,64,11,39,49,207,54,17,13,23,24,13,25,14,11,12,27,150,136,113,57,19,56,17,40,58,166,53,45,76,17,95,15,15,72,43,35,71,45,17,26,20,71,63,45,62,20,27,23,93,44,130,86,55,221,37,30,128,26,75,72,55,59,179,38,62,14,40,46,81,67,42,49,82,42,28,45,33,39,52,128,19,33,46,39,27,54,36,35,38,66,30,32,64,38,43,19,35,37,12,16,20,39,39,46,41,42,51,39,49,28,46,23,22,47,53,56,64,88,78,32,54,35,48,103,38,83,28,35,13,25,4,34,25,18,15,20,21,26,12,36,110,109,100,11,21,12,26,13,25,9,22,38,43,12,48,51,45,64,37,59,8,20,38,25,28,181,14,46,18,17,15,16,19,41,25,24,12,20,15,17,48,32,29,34,39,27,25,21,23,30,22,24,17,44,21,10,27,22,5,27,30,18,18,18,70,17,31,22,44,21,19,26,27,29,17,32,22,24,10,58,18,15,21,83,29,19,22,31,8,30,19,21,33,17,19,21,8,35,24,20,11,28,14,23,131,22,20,17,13,20,29,29,29,40,40,27,24,27,25,40,17,26,27,10,22,32,14,24,40,41,30,43,21,27,35,34,45,15,195,38,19,23,16,19,17,18,25,17,17,31,32,28,20,24,46,19,83,16,11,22,25,19,18,51,17,16,14,27,30,16,28,19,15,18,34,9,6,14,33,18,27,15,27,28,66,40,28,16,21,16,12,38,24,24,31,25,25,22,24,9,29,18,20,32,27,24,26,29,12,28,54,20,34,18,65,20,32,20,8,15,40,52,67,57,26,51,43,15,19,47,58,19,14,36,17,22,32,51,30,12,31,22,6,47,14,6,78,55,89,11,13,19,30,51,37,75,84,28,32,9,14,6,15,43,48,14,22,25,73,45,14,16,38,23,121,16,40,27,25,48,38,7,22,66,18,27,17,47,55,33,33,33,82,66,25,66,26,22,39,17,24,15,21,26,10,34,14,61,32,40,32,25,18,85,42,24,12,27,43,27,53,40,35,36,15,19,16,40,50,19,88,36,38,64,39,15,25,33,52,67,41,49,33,86,45,41,135,46,59,10,25,38,142,85,24,27,39,47,59,41,52,48,41,20,61,114,21,46,30,145,67,67,76,46,28,54,35,33,-20,8,33,21,24,35,25,19,23,16,19,37,32,19,38,27,38,24,30,24,18,14,19,25,36,22,32,30,19,13,31,16,27,23,24,17,28,-20,19,28,35,23,22,17,28,14,25,20,32,24,19,31,17,23,27,16,21,24,24,22,29,20,23,21,17,15,17,36,18,26,21,19,19,26,20,39,10,24,46,18,21,11,25,22,14,36,29,44,22,13,13,21,12,19,12,16,15,22,22,16,16,16,25,15,21,8,4,16,13,13,22,8,17,12,13,27,11,9,11,22,27,16,21,14,8,21,14,11,13,18,16,7,26,8,13,15,20,23,14,15,-20,14,10,12,13,16,20,15,32,15,29,21,15,20,3,13,33,36,26,20,13,23,24,8,13,20,41,20,14,31,21,16,21,28,23,13,40,15,30,31,23,16,15,23,17,15,11,30,17,12,39,12,24,16,14,26,17,10,19,21,25,27,17,25,11,9,21,22,22,15,12,16,-20,17,14,-20,20,27,13,13,26,38,15,131,17,42,30,22,28,34,29,34,50,31,19,23,27,31,29,23,29,42,19,17,37,60,37,26,20,12,25,27,59,43,50,19,45,20,36,30,25,24,28,20,18,13,15,14,24,13,17,20,9,26,17,27,39,24,20,21,32,23,21,24,17,26,26,26,17,36,15,25,18,22,19,26,19,9,38,31,43,29,24,9,37,33,32,23,28,16,18,8,11,11,20,15,22,21,21,20,22,29,35,16,29,34,34,24,23,40,27,23,16,18,40,18,22,17,27,61,23,28,34,22,36,38,20,33,41,17,17,17,26,21,7,16,34,14,24,19,31,12,34,17,16,22,10,9,18,21,11,20,17,19,21,-20,28,3,36,40,41,6,12,24,30,18,30,11,7,51,7,31,14,57,10,10,-20,7,-20,49,6,-20,5,26,45,8,23,11,51,6,16,28,9,17,35,12,-20,-20,7,10,11,4,30,18,9,9,20,13,22,12,35,6,5,9,8,15,57,42,19,7,14,44,7,43,39,7,31,17,29,28,17,20,32,51,41,86,117,80,47,47,56,37,46
"chr5,287692",16,29,12,19,24,22,31,20,15,12,18,21,48,48,27,33,32,29,118,82,56,20,53,39,67,35,28,48,31,21,27,20,32,26,70,73,46,34,37,18,33,45,50,27,28,39,12,76,11,35,56,36,54,44,18,20,57,40,27,36,48,31,52,33,35,43,34,58,74,14,42,29,40,37,22,61,24,14,23,17,17,20,35,17,27,33,42,60,39,17,20,32,38,45,32,36,41,56,14,43,29,46,7,16,28,47,8,48,31,26,29,11,35,42,10,14,56,21,15,11,17,12,21,16,35,20,14,33,34,32,24,14,13,22,38,46,52,18,8,26,18,22,28,17,42,30,18,45,24,15,7,41,107,88,58,11,46,67,208,51,18,16,23,23,11,25,15,10,11,25,152,136,113,64,20,54,20,52,59,215,53,41,69,20,70,16,12,73,35,37,79,46,22,25,21,80,72,45,76,25,28,23,97,45,130,92,71,248,41,29,125,31,71,67,59,61,185,38,62,11,42,44,71,68,47,66,80,44,34,49,37,41,50,115,17,36,44,25,33,51,36,35,36,66,32,35,65,32,42,18,42,34,14,20,26,35,40,42,40,48,57,38,56,28,44,22,21,43,55,59,65,98,85,30,50,29,45,95,44,86,32,37,13,29,4,25,27,21,21,20,21,22,13,34,108,120,108,12,22,12,23,12,25,9,20,37,45,11,54,54,45,60,41,65,11,20,39,26,28,182,14,43,18,19,22,20,21,43,25,23,12,19,13,20,52,32,27,33,38,24,23,19,27,30,23,27,18,45,21,10,31,22,3,32,29,16,18,16,80,17,29,22,46,19,18,26,25,29,18,29,24,26,9,59,18,16,21,82,30,19,23,29,9,31,19,24,29,20,19,19,7,34,28,22,13,30,15,22,141,20,18,16,16,22,31,31,29,40,36,29,23,25,23,46,19,26,29,11,21,31,12,27,38,41,33,38,16,29,33,30,49,14,209,40,17,29,19,23,16,18,26,18,-20,32,34,23,23,25,48,17,82,16,13,24,25,20,16,54,19,17,19,28,32,14,26,17,19,20,40,10,7,17,31,17,26,14,29,26,65,40,29,20,22,13,12,40,27,27,31,21,26,24,23,10,32,15,20,27,30,27,28,31,12,28,57,21,34,21,65,20,34,19,9,13,41,54,68,51,27,56,51,13,19,51,55,17,14,40,20,20,32,50,34,11,33,25,6,47,13,4,79,63,91,10,10,16,32,49,40,80,98,25,34,11,14,-20,14,45,44,14,24,27,73,48,13,19,38,26,127,15,38,29,26,50,40,8,21,70,20,27,20,46,56,37,33,33,81,61,28,67,25,25,41,16,26,14,23,29,11,37,15,59,31,33,33,28,19,87,43,21,15,28,43,30,49,38,41,32,16,18,15,36,59,20,85,36,39,58,40,16,25,34,48,63,41,48,29,76,56,46,148,47,61,13,25,42,150,95,21,29,41,51,59,39,50,48,39,19,67,117,22,42,31,150,83,68,68,48,29,53,36,35,14,8,32,23,22,34,25,19,20,20,19,36,34,23,36,30,37,30,31,21,20,17,22,26,36,24,35,33,19,13,25,17,28,22,24,16,27,21,19,31,35,24,23,17,27,15,26,23,30,24,19,29,18,23,28,17,19,24,23,23,27,25,23,20,17,17,19,35,17,26,23,17,20,25,18,41,10,24,44,21,22,12,24,23,15,33,25,46,21,16,10,21,12,24,12,15,17,17,23,16,16,17,26,16,23,9,4,16,13,13,19,9,18,12,13,25,11,9,11,21,27,15,22,17,9,22,16,10,13,17,15,-20,30,9,12,17,18,22,14,13,19,16,9,12,14,18,18,17,31,15,28,21,16,16,3,13,33,36,24,21,12,26,27,6,13,22,39,20,15,34,22,14,20,30,20,12,43,17,35,29,23,15,16,22,17,13,11,31,18,12,41,13,22,13,14,25,15,10,20,21,22,26,17,29,12,9,21,22,24,15,11,15,19,15,14,25,21,29,15,17,27,41,16,128,17,44,33,21,26,33,25,32,50,30,19,23,27,32,25,19,25,39,21,16,38,56,35,26,24,14,22,27,63,40,50,20,45,20,38,28,27,23,27,20,17,13,14,14,24,14,19,22,9,25,15,29,40,23,21,24,32,24,23,25,19,27,23,24,18,31,17,23,22,23,20,25,19,9,37,28,41,31,23,9,36,31,32,25,32,15,18,9,11,13,18,14,23,-20,20,22,21,27,30,14,30,32,35,26,22,42,29,26,18,16,41,22,25,17,24,57,26,30,37,24,35,35,19,35,41,16,16,15,20,18,8,14,31,12,24,20,27,12,32,18,16,19,9,10,19,19,11,16,17,21,20,16,30,-20,35,42,48,7,12,18,31,20,37,13,6,51,9,34,11,56,12,8,3,10,11,44,5,-20,6,27,46,6,24,13,55,8,16,33,10,18,35,10,9,6,10,14,12,8,33,18,9,12,26,15,23,9,34,8,4,11,6,24,54,45,21,9,-20,48,11,50,42,7,32,17,26,27,22,21,31,55,40,79,145,83,48,46,50,37,49
"chr5,287709",14,23,14,23,25,21,28,24,19,13,17,22,51,53,26,31,32,23,112,86,50,18,58,34,73,37,28,52,39,22,26,23,30,24,67,63,55,37,39,21,29,48,50,30,29,43,-20,75,18,29,61,39,60,41,-20,21,57,-20,28,42,52,35,49,27,36,39,39,66,72,15,39,26,41,39,23,61,27,16,23,22,16,19,32,20,26,26,42,62,40,15,23,33,43,36,37,38,43,54,16,44,29,43,6,24,28,52,4,42,38,20,32,12,29,34,-20,15,54,31,16,6,27,10,20,13,38,22,18,38,34,34,32,15,16,21,33,43,55,24,13,25,19,19,32,18,40,30,18,44,26,14,12,51,80,98,53,15,58,61,191,51,18,21,21,19,11,30,16,13,12,19,152,134,119,97,22,52,26,63,62,240,61,48,67,20,69,24,10,74,37,40,95,49,24,23,21,60,84,52,80,26,26,25,89,48,133,79,76,242,41,28,136,29,93,66,66,69,196,41,64,13,45,51,65,66,58,68,78,51,33,44,44,38,47,114,16,39,46,21,32,42,36,38,37,67,31,36,56,40,43,16,50,33,14,25,35,63,44,43,42,49,58,38,50,26,46,21,27,45,53,56,61,108,90,-20,44,32,47,109,41,88,31,41,14,28,5,23,25,19,19,20,19,24,9,34,109,113,91,16,20,15,16,13,21,14,24,44,40,12,51,49,44,58,42,60,10,22,41,30,24,193,14,39,19,15,26,17,21,50,26,19,12,18,14,23,53,34,28,33,30,23,26,21,34,31,25,29,18,47,19,10,37,22,-20,29,24,20,17,17,127,18,26,18,47,20,24,28,23,31,18,32,25,28,11,55,20,17,17,70,27,18,24,28,11,26,18,29,31,25,19,18,11,36,28,22,12,27,17,22,140,21,15,19,17,27,32,29,32,49,32,31,20,26,22,44,22,21,31,9,21,29,15,29,33,38,33,37,15,29,38,31,47,14,221,37,13,34,15,25,17,20,28,20,12,32,34,27,19,31,44,14,83,17,16,24,23,20,17,59,20,17,18,19,28,9,22,16,17,17,47,15,7,18,32,20,31,16,28,22,63,39,38,24,18,15,10,39,28,24,34,19,26,22,23,10,32,14,-20,28,29,28,22,30,11,27,66,20,35,19,62,20,33,20,8,-20,42,55,72,51,31,54,54,13,22,48,53,18,16,41,21,25,26,56,29,14,34,23,5,35,13,2,78,70,84,11,8,10,33,42,55,80,107,26,34,12,11,5,10,44,46,17,25,27,85,46,16,14,36,28,131,16,37,34,33,48,41,7,18,97,17,29,20,42,63,35,31,38,84,71,28,74,24,26,45,16,26,21,21,27,16,38,21,59,36,31,37,32,19,85,42,24,17,33,44,38,66,43,44,38,20,21,16,31,57,19,73,36,44,60,43,13,26,33,53,52,34,48,31,73,47,35,137,49,56,12,29,37,151,90,19,26,49,47,50,39,37,49,45,21,61,116,19,43,19,162,82,69,68,49,30,44,41,39,14,9,33,25,22,40,23,19,22,20,20,34,33,20,37,29,38,27,31,21,19,19,20,26,31,31,40,35,21,12,29,17,33,23,25,20,27,24,14,30,38,30,26,24,27,21,31,23,32,26,20,26,24,26,28,16,15,24,22,23,29,23,29,20,15,15,22,46,18,28,18,19,28,23,22,44,13,23,40,20,23,15,25,29,13,31,24,51,22,15,9,18,18,26,15,18,17,20,24,17,16,19,23,20,24,7,4,17,23,14,25,8,17,9,15,28,12,11,13,26,25,15,23,19,9,28,16,-20,15,20,14,11,27,11,13,19,15,22,19,15,20,18,8,12,12,20,23,17,31,12,27,28,15,16,10,13,37,39,29,25,10,24,32,7,13,21,37,18,14,36,28,15,24,29,20,10,48,17,39,31,23,15,23,21,17,12,12,28,18,10,38,13,28,14,16,30,13,10,25,19,24,24,20,31,13,11,22,19,28,16,8,14,24,17,16,29,24,29,16,16,27,33,15,123,20,45,38,28,28,41,30,32,50,33,21,25,30,33,31,22,27,37,20,17,38,53,29,29,28,15,27,29,71,45,45,21,49,24,43,30,36,24,28,23,18,10,19,18,28,14,17,23,12,21,16,27,43,23,21,24,39,24,26,25,20,25,22,24,20,30,21,24,23,23,24,29,19,9,39,27,40,27,21,13,34,34,36,26,32,14,16,11,10,14,20,12,20,18,25,21,24,30,32,16,33,33,35,25,24,44,30,35,20,19,41,25,22,29,20,72,28,29,32,31,36,30,22,36,39,14,17,15,22,24,7,10,31,15,22,18,35,13,37,14,15,17,6,15,15,18,9,18,20,19,26,16,27,3,42,51,49,11,14,10,40,23,49,10,15,46,6,37,8,63,7,12,8,16,11,47,4,3,7,34,50,7,22,10,51,11,20,36,13,14,36,17,6,7,15,21,21,10,36,13,14,10,28,14,25,9,34,16,4,13,5,24,53,36,23,10,18,44,11,51,49,9,34,20,26,31,21,24,29,56,39,82,94,83,45,37,40,39,47
"chr5,287772",8,15,12,21,19,15,13,16,12,15,11,18,34,43,24,31,20,21,92,83,50,13,65,34,54,34,27,43,37,20,22,17,20,25,60,53,39,29,35,19,36,51,31,21,32,48,9,54,19,37,46,38,59,32,21,29,62,30,34,35,41,39,32,27,32,40,36,61,71,18,29,26,31,33,15,54,31,22,20,19,12,32,19,12,21,32,27,57,37,19,17,33,38,33,35,33,32,59,12,50,21,37,6,25,40,51,3,26,46,12,21,12,42,27,6,15,50,23,16,11,22,11,26,9,35,14,16,53,25,19,29,13,15,24,29,37,53,17,16,26,23,10,27,13,45,16,18,33,23,12,9,35,59,91,43,14,48,97,186,44,13,19,16,14,17,35,19,13,10,24,137,105,83,117,30,47,98,75,67,270,63,58,67,22,77,47,6,58,44,20,65,37,18,28,22,107,63,47,38,16,30,29,72,42,126,62,82,215,23,32,187,30,71,112,61,50,172,64,70,-20,42,31,60,39,45,63,56,49,36,34,50,31,47,102,20,24,37,31,22,24,44,35,44,44,25,33,48,37,61,26,51,56,12,31,31,76,32,25,44,42,39,60,46,22,35,22,34,41,45,24,27,109,59,20,55,52,45,52,55,78,26,24,8,33,3,39,21,-20,25,18,19,34,20,38,111,67,81,-20,10,13,12,18,14,12,29,38,32,11,34,47,34,53,35,48,7,24,28,22,18,190,8,28,23,17,34,15,45,36,26,17,21,15,15,27,44,29,22,42,35,23,22,23,27,30,21,25,-20,42,14,8,36,18,6,38,30,8,17,19,100,13,25,22,50,27,21,28,23,23,21,40,20,17,13,58,19,11,22,66,23,24,19,24,10,24,21,31,26,18,21,21,11,35,31,22,8,27,17,19,114,18,11,29,24,27,29,28,28,48,35,23,21,21,19,36,18,14,23,11,25,30,25,28,27,29,32,42,21,34,37,33,38,11,217,36,19,30,21,19,14,21,23,22,-20,31,30,19,21,32,33,-20,73,24,18,21,24,22,17,48,24,19,18,17,27,18,16,16,18,17,53,15,8,16,28,22,23,21,30,20,52,28,40,21,20,15,4,44,39,29,29,23,29,25,22,19,31,27,19,20,37,17,25,33,11,23,61,15,33,19,43,20,28,19,8,16,37,40,44,49,21,45,43,12,16,45,32,14,12,36,20,28,33,49,49,9,20,20,6,36,12,-20,66,70,53,11,5,11,24,43,57,79,88,25,30,6,9,4,13,56,38,16,20,26,86,48,15,16,36,35,105,12,26,31,21,35,55,10,20,102,20,30,23,41,59,42,33,39,60,48,27,56,23,25,38,12,22,16,10,23,18,28,23,47,25,28,23,33,22,65,29,21,8,31,38,29,60,31,31,33,10,16,11,40,44,-20,92,48,45,47,40,8,38,30,38,53,41,33,23,44,43,28,112,54,34,11,37,41,129,50,19,25,37,44,49,26,29,43,48,24,41,46,23,41,18,154,40,55,72,49,37,26,41,29,16,12,23,26,19,31,21,25,19,20,15,21,31,21,33,23,26,21,15,27,16,24,9,19,26,21,33,23,13,22,29,14,25,21,22,15,21,19,7,23,32,18,23,18,21,21,28,22,24,22,19,25,19,16,23,12,7,19,18,19,17,24,28,15,20,19,23,35,14,21,17,22,20,25,22,21,13,27,38,18,18,9,20,17,13,30,15,32,21,12,13,12,14,16,10,8,15,18,14,14,19,11,23,14,14,5,4,10,16,12,27,11,11,10,14,18,12,11,18,17,17,18,14,12,6,22,15,5,9,8,10,10,25,14,8,13,7,22,13,9,17,17,10,10,13,21,23,20,31,10,17,27,19,11,11,10,32,28,26,19,12,19,28,5,13,9,18,16,17,42,24,9,18,21,21,8,31,11,29,21,22,15,22,16,12,15,11,26,9,9,26,12,25,14,16,26,15,8,23,15,14,19,16,26,11,14,11,12,19,11,11,17,23,13,11,26,22,21,8,19,20,38,15,123,17,34,26,20,19,39,25,24,44,32,17,17,27,25,28,21,22,22,19,16,22,41,19,36,32,19,27,25,68,26,40,19,43,23,33,22,33,22,19,27,24,5,11,18,25,8,14,18,13,22,21,26,30,19,16,16,30,28,27,24,15,23,21,29,22,20,23,24,28,22,27,22,23,7,15,17,25,27,13,11,26,17,34,17,21,14,15,8,10,14,11,4,18,12,19,16,21,23,29,21,27,22,27,23,14,40,21,25,14,13,16,23,23,29,20,63,20,33,34,22,31,29,25,30,34,18,17,13,19,29,7,8,25,8,17,15,27,8,18,11,11,7,3,18,9,16,7,9,20,16,26,13,33,6,37,59,22,14,10,20,36,23,43,17,6,64,7,32,14,47,8,17,10,15,11,43,12,9,10,19,50,12,27,7,47,5,19,40,17,15,50,13,6,6,9,17,17,4,30,14,13,6,24,9,32,11,32,9,6,12,11,20,54,39,21,11,15,34,10,47,38,8,24,15,30,26,22,23,27,48,42,78,107,96,44,44,39,40,44
"chr5,287774",8,15,12,21,18,15,13,15,12,15,10,18,34,45,24,32,20,21,90,82,52,13,64,34,56,33,25,45,38,20,21,15,21,23,65,56,38,30,35,18,36,52,30,21,34,49,10,53,19,36,40,40,58,34,22,29,60,29,31,36,40,39,32,26,32,41,34,61,71,18,30,27,30,36,15,57,30,22,20,19,12,31,19,12,20,32,28,58,36,19,17,35,37,33,33,36,31,58,12,52,22,37,6,24,40,52,3,25,45,12,20,12,42,27,6,13,54,23,16,11,22,11,25,9,35,14,16,51,23,18,29,13,15,23,32,38,53,17,16,26,22,10,24,13,45,16,18,32,23,13,9,35,62,94,42,14,48,97,185,39,13,18,16,14,16,35,19,13,10,25,138,105,86,115,29,45,96,72,66,270,63,63,66,23,75,46,6,56,46,20,56,36,18,28,21,107,63,50,42,16,30,28,69,41,119,63,82,214,23,29,181,32,68,108,61,48,179,65,72,10,42,31,61,37,41,66,55,48,37,34,51,28,48,101,22,24,34,33,23,22,43,32,48,43,25,31,43,35,62,25,48,53,13,32,33,77,32,27,44,41,39,59,47,22,35,21,35,41,45,23,26,108,60,21,57,57,45,48,55,79,24,24,8,33,3,39,21,-20,26,14,19,34,20,38,106,73,92,10,11,13,-20,18,14,12,29,39,33,10,35,48,36,53,35,49,9,24,28,22,18,191,8,27,23,17,37,14,43,35,26,15,19,16,13,28,44,29,20,41,35,22,22,24,28,31,20,26,11,44,14,8,36,17,6,38,28,8,21,20,97,13,26,24,48,27,21,28,22,23,21,40,20,16,14,58,21,12,23,63,21,24,19,24,10,24,19,30,26,18,20,20,10,36,30,24,8,27,17,19,115,17,12,28,24,27,27,29,27,48,35,21,24,21,19,35,19,14,23,11,24,30,24,28,27,28,31,42,22,33,36,32,39,11,213,35,17,30,20,18,14,21,23,22,10,31,29,19,20,31,33,-20,73,25,18,21,23,22,17,45,23,19,17,16,26,17,15,16,18,18,56,15,8,15,28,22,23,21,30,18,54,28,40,22,20,16,4,42,39,28,31,24,30,25,21,20,31,29,19,21,37,16,27,34,11,22,59,15,34,18,43,20,28,19,-20,17,37,42,43,51,21,47,41,12,16,44,29,14,12,36,20,27,31,45,53,-20,20,19,6,40,12,-20,65,60,55,12,-20,11,23,42,55,83,92,24,31,6,9,4,12,55,37,16,21,25,93,46,15,16,33,36,105,12,26,32,21,34,53,10,20,97,21,29,24,41,60,41,33,38,61,49,26,54,22,25,35,12,22,16,10,22,18,29,23,46,25,27,22,33,22,64,27,21,8,31,37,29,59,31,31,33,9,16,11,39,45,-20,91,46,45,46,39,8,36,33,40,52,42,32,25,43,43,28,113,54,34,11,38,39,123,51,19,26,35,46,50,26,28,48,48,26,39,51,24,41,20,158,39,53,72,47,35,26,41,30,16,12,22,26,18,30,20,25,19,20,15,20,29,21,33,23,26,21,15,26,16,24,9,19,26,21,33,20,14,22,29,14,23,22,21,14,22,19,7,23,32,18,23,18,22,22,28,22,24,20,19,22,19,18,22,11,6,18,16,19,19,24,29,14,20,19,22,33,14,21,17,20,20,23,23,21,12,26,36,17,18,9,21,17,12,30,15,32,21,12,13,12,14,15,10,8,14,18,15,14,19,11,22,14,15,5,4,10,16,12,28,11,10,9,13,16,12,11,18,17,17,17,14,12,6,22,15,5,9,8,10,10,24,14,8,12,7,22,12,9,16,16,10,10,13,21,23,19,31,10,17,27,18,11,11,10,32,28,26,17,12,19,28,5,13,9,16,15,17,42,24,9,18,21,20,8,31,11,29,19,22,15,22,15,11,13,11,25,8,7,26,11,25,13,16,26,15,8,24,15,15,17,15,25,11,14,11,12,20,11,11,17,21,13,11,25,21,21,8,19,21,41,15,119,18,33,26,20,19,38,25,23,43,30,17,17,27,25,28,21,22,23,18,16,22,41,19,35,30,19,26,25,66,27,39,19,41,23,32,21,33,22,19,26,23,5,11,17,25,8,14,18,13,21,20,24,30,18,15,15,30,28,28,23,15,23,21,29,20,20,22,24,28,23,26,22,23,6,15,15,23,28,12,11,25,17,33,17,20,14,14,8,11,14,10,4,18,12,19,16,20,20,29,21,27,22,27,22,14,39,21,24,14,12,15,21,23,28,20,62,19,32,34,21,32,29,25,30,33,17,17,12,19,29,7,8,25,8,16,15,24,8,18,11,11,7,3,17,9,15,7,9,19,16,27,12,31,6,37,52,22,12,9,23,33,23,41,16,6,61,8,28,13,44,10,14,7,12,10,40,11,6,7,20,47,11,25,7,42,7,18,32,15,14,48,10,5,7,8,17,14,4,30,12,13,6,18,8,30,14,33,10,8,12,10,17,53,35,22,7,11,32,10,48,38,8,24,14,29,27,22,22,26,51,39,78,107,93,46,44,41,40,46
"chr5,287780",10,17,13,22,20,15,14,15,14,15,10,23,35,42,27,30,23,23,90,82,50,18,64,34,53,37,24,46,38,19,21,15,22,23,65,59,40,32,40,16,39,51,33,20,32,50,10,52,19,33,53,37,59,36,27,28,55,31,33,34,37,35,31,27,34,42,33,58,66,17,29,25,30,31,16,54,29,30,22,20,15,32,20,12,21,29,28,57,40,17,20,36,38,32,34,35,29,57,12,50,23,37,7,26,41,52,3,20,47,11,20,14,41,26,6,14,57,22,15,12,24,11,29,8,35,15,17,52,25,21,30,14,15,22,29,39,51,24,22,28,24,13,27,16,48,17,21,32,22,14,11,35,64,84,41,14,39,91,177,42,15,18,21,14,17,41,21,13,10,23,132,102,99,104,29,47,94,67,64,255,60,59,65,22,81,44,8,58,46,24,52,39,18,25,21,109,62,54,42,17,28,27,74,41,112,57,89,206,24,32,184,30,61,109,64,47,177,55,72,10,43,30,64,32,40,64,54,49,37,32,56,28,46,92,24,26,35,33,23,26,39,29,43,41,29,33,43,36,62,25,52,59,14,31,31,75,29,29,50,49,37,58,54,24,32,22,37,39,46,29,25,97,53,15,57,50,45,52,52,84,24,23,8,34,3,43,20,9,28,14,22,30,20,40,105,71,86,16,12,14,14,18,15,13,31,36,32,10,35,44,35,49,37,50,10,21,24,24,16,197,8,22,20,17,35,15,44,31,24,15,19,16,13,30,43,28,23,42,35,22,25,24,31,32,20,26,-20,40,12,8,35,17,6,35,29,7,18,19,94,13,25,23,47,26,19,30,23,23,21,39,20,17,13,62,21,13,23,63,21,22,17,23,-20,25,19,32,23,18,19,18,10,33,30,25,11,25,18,19,120,17,13,28,23,26,26,28,30,45,36,20,23,20,21,35,18,17,25,10,23,28,24,28,25,28,28,41,23,33,35,33,38,11,218,37,16,28,19,17,17,24,24,22,10,32,27,19,21,29,34,-20,75,24,21,22,21,22,19,41,22,20,17,15,26,15,16,16,18,21,55,12,8,16,24,20,22,20,25,18,56,28,37,21,19,16,-20,43,37,29,33,26,29,26,21,16,32,29,18,22,35,18,27,32,11,26,58,13,31,17,44,15,26,19,7,17,38,39,42,51,25,42,41,14,20,47,27,14,11,36,21,26,35,42,53,9,23,17,6,40,11,-20,64,61,53,12,6,12,22,39,51,85,95,24,27,7,8,5,11,62,35,16,21,26,88,42,15,18,36,33,106,12,24,34,22,32,49,12,20,88,20,28,24,42,60,41,33,35,54,53,28,60,24,27,44,12,23,16,11,22,17,35,25,50,23,25,26,31,24,69,24,19,8,31,49,36,66,37,38,35,8,20,10,42,48,-20,97,47,44,53,36,10,36,33,35,51,43,36,25,42,44,26,118,58,39,10,45,43,125,50,20,27,29,47,46,26,26,40,53,27,37,45,20,39,21,162,37,50,69,41,38,27,40,36,20,16,17,25,18,31,23,24,19,19,17,19,32,22,38,25,25,25,21,27,19,25,14,17,25,24,38,25,17,28,29,13,28,22,20,15,21,21,11,25,38,21,20,16,25,23,31,25,26,21,22,21,21,18,23,-20,3,21,15,21,22,23,31,17,20,20,24,33,15,25,20,20,20,28,27,28,13,26,36,21,17,9,22,14,13,32,20,35,23,14,14,15,15,19,11,9,15,19,15,12,18,11,24,15,18,6,6,11,19,14,33,13,11,11,16,17,12,11,17,20,23,19,12,15,8,19,16,8,11,10,12,13,26,14,9,15,10,22,12,12,15,17,12,11,15,25,25,21,34,12,18,25,19,14,11,10,37,26,31,17,11,18,25,4,16,12,16,21,19,43,26,9,20,21,21,11,33,16,29,20,24,17,22,18,12,14,11,25,9,8,29,17,27,12,17,24,17,9,26,13,19,20,15,28,9,16,13,12,20,12,12,18,22,15,11,28,26,18,9,20,19,43,14,121,18,35,28,22,21,43,28,24,43,31,18,19,32,26,27,23,24,31,22,19,25,43,22,40,30,22,29,26,72,29,42,25,39,23,33,21,39,24,22,25,26,7,10,19,28,9,16,17,14,22,21,28,33,20,17,16,32,30,32,23,16,23,19,25,19,19,22,24,30,24,26,21,21,7,19,17,27,36,12,16,27,17,34,19,20,15,16,12,11,12,14,5,16,13,18,16,19,22,26,20,31,21,31,19,14,38,24,26,14,13,17,25,25,32,22,76,23,32,40,23,32,29,29,36,35,17,19,15,21,30,8,9,29,8,20,14,32,7,16,12,14,7,6,18,11,17,8,9,19,23,29,14,30,5,32,53,20,10,10,21,30,20,40,14,7,52,9,31,-20,37,9,15,9,14,14,34,12,7,9,23,45,9,22,6,37,7,19,34,14,14,47,-20,4,10,7,17,15,5,28,12,11,6,23,7,29,16,31,9,7,12,9,22,51,33,19,5,11,36,11,43,35,8,19,14,29,26,22,23,26,49,38,77,121,80,47,43,39,38,50
"chr5,287783",9,16,13,22,20,13,14,13,12,14,10,24,33,40,27,29,24,23,91,81,52,18,65,35,53,36,25,50,35,22,19,15,22,23,65,58,40,33,39,16,36,46,42,20,32,48,10,53,19,28,57,38,61,38,-20,29,57,33,32,35,38,38,32,27,32,43,34,59,66,17,29,27,30,30,18,55,28,30,22,20,15,33,23,12,21,29,28,59,39,18,22,37,38,29,34,39,31,55,12,46,23,37,7,26,40,52,3,20,50,10,18,13,40,26,5,14,58,21,14,10,25,11,28,7,35,14,15,51,24,21,30,14,15,21,28,41,52,22,22,28,23,14,27,15,47,17,19,30,22,14,11,37,59,82,37,14,46,91,176,42,14,16,21,14,17,38,21,13,8,22,136,92,95,103,30,47,95,67,58,286,58,67,68,20,79,45,8,58,48,23,47,38,17,26,22,126,56,48,42,15,30,28,70,40,110,55,89,204,23,33,178,29,59,125,61,42,177,54,70,11,43,29,61,31,35,72,45,49,-20,32,55,25,48,94,25,26,29,34,24,-20,40,29,46,44,30,34,42,35,60,24,49,55,13,30,29,81,29,27,49,50,29,56,51,21,34,22,35,44,47,30,23,93,54,18,57,51,42,47,52,82,24,23,-20,33,3,43,25,9,28,13,23,30,20,39,95,69,92,17,12,15,-20,17,15,13,33,37,33,10,35,43,37,47,38,50,10,21,23,22,15,203,8,23,20,17,33,16,41,31,22,18,21,16,14,32,41,29,25,43,38,22,26,24,32,32,18,25,8,40,13,-20,35,17,9,35,30,10,17,20,80,12,26,24,45,28,19,32,23,25,21,39,21,16,14,62,22,12,22,66,21,21,19,22,9,25,20,35,23,18,22,18,10,33,30,24,11,27,16,19,121,16,15,25,21,26,26,27,29,44,37,19,25,20,20,35,18,14,24,10,23,30,24,28,26,25,27,43,24,31,34,34,40,10,219,37,16,27,20,16,16,23,24,25,10,33,28,19,20,28,34,6,73,24,21,20,23,22,18,41,24,22,17,17,25,16,15,15,18,20,56,12,8,16,25,23,23,21,26,17,55,28,39,21,18,16,4,43,41,30,34,24,27,29,20,18,31,30,17,26,36,18,26,32,10,27,58,11,29,18,46,13,26,20,7,16,37,37,38,54,23,44,41,13,20,47,28,14,10,37,22,24,35,38,55,-20,25,15,6,42,12,-20,62,63,53,12,8,12,22,38,52,75,97,21,27,7,8,5,12,62,35,15,22,24,88,43,16,19,36,37,108,13,25,31,21,34,43,11,20,86,18,27,23,41,56,39,33,36,51,56,25,58,23,25,40,10,24,15,11,21,17,34,25,51,23,25,25,30,21,66,23,19,8,31,48,35,64,37,37,35,8,21,9,42,52,-20,94,42,45,54,38,10,36,32,33,52,40,37,25,38,44,26,116,53,41,10,40,45,121,50,18,25,28,45,46,25,26,43,51,27,38,51,21,38,24,158,37,50,66,40,37,23,37,36,20,15,18,24,19,26,22,25,17,19,17,17,29,19,37,24,23,25,20,26,19,24,14,16,25,23,33,24,16,30,27,12,26,20,22,14,22,21,11,25,38,19,18,16,24,22,31,25,25,21,21,-20,20,18,23,9,3,19,16,22,-20,22,30,16,19,20,23,33,15,24,-20,19,18,26,24,27,13,26,36,21,18,9,22,12,13,32,18,34,23,13,14,14,15,20,12,9,14,17,14,13,18,-20,21,14,18,6,6,10,19,13,31,13,11,11,15,16,12,11,18,20,22,16,12,15,8,18,15,8,10,10,11,13,23,14,9,16,10,20,12,12,15,15,12,11,13,24,24,21,34,12,17,24,20,14,11,-20,39,27,29,16,11,18,23,-20,16,12,16,21,18,42,24,9,20,21,21,8,32,16,26,18,21,15,22,18,12,15,11,23,9,7,29,17,27,10,19,21,16,9,26,12,18,20,15,29,9,16,12,12,21,12,13,17,23,14,12,28,26,18,9,20,21,45,14,123,19,35,25,22,19,39,27,22,43,29,16,19,31,25,27,23,22,31,22,20,24,41,21,40,31,22,28,26,69,28,37,23,38,24,32,19,36,24,21,23,25,8,9,19,26,8,14,17,12,20,22,27,32,21,17,14,32,29,31,21,15,21,16,23,18,20,20,22,29,23,25,21,21,7,19,16,27,36,11,15,26,13,32,18,19,15,16,11,10,12,14,5,15,11,18,16,18,22,25,21,31,18,28,20,14,36,22,25,14,11,16,23,23,31,21,74,22,31,39,22,29,25,29,35,31,17,19,15,20,30,8,8,31,8,20,13,31,7,16,12,13,7,6,17,11,15,8,9,18,22,28,14,26,6,32,43,18,7,8,21,32,21,38,13,7,49,9,27,8,39,8,15,9,11,13,32,13,6,7,24,43,10,23,7,38,7,17,29,11,16,41,12,3,10,8,16,11,4,28,11,13,6,19,8,26,13,28,8,6,12,8,22,50,33,19,5,13,40,9,41,35,8,20,14,28,26,21,22,26,49,37,73,121,82,50,46,41,36,46
"chr5,287786",9,16,12,22,20,14,13,13,13,14,10,23,36,38,27,26,24,23,86,78,51,18,65,33,54,38,23,43,36,21,19,15,22,21,65,57,37,33,39,16,37,48,38,20,30,48,11,56,20,28,58,38,60,37,30,29,53,33,33,35,37,38,31,29,32,47,33,58,67,16,27,25,30,29,19,54,30,30,22,20,15,34,23,12,17,27,27,51,38,18,22,42,38,31,32,39,28,53,12,49,24,37,6,26,42,51,3,20,53,10,18,13,35,28,5,13,58,21,14,10,26,11,28,6,32,13,15,52,23,21,31,14,15,21,27,41,51,22,22,28,23,13,26,14,44,17,20,32,21,14,11,40,55,81,41,14,50,83,180,40,14,17,20,14,17,40,20,15,8,21,139,90,86,99,30,47,92,69,61,296,56,62,68,20,79,45,9,57,47,21,50,39,17,25,21,125,60,49,37,14,32,28,71,40,108,56,90,196,28,33,185,26,61,125,55,42,176,54,69,13,40,26,58,32,33,70,49,48,35,32,56,26,49,94,24,29,29,37,25,27,40,29,47,44,30,33,42,38,62,28,43,55,13,30,28,77,32,29,50,53,27,56,48,21,33,24,36,42,44,30,25,98,54,18,57,52,40,53,51,76,25,22,7,34,3,43,26,9,30,13,21,33,19,40,97,69,96,17,12,15,15,16,15,13,33,38,34,-20,35,43,34,47,39,45,8,21,25,21,14,201,8,23,20,13,32,15,40,31,21,18,21,16,15,31,39,30,24,43,37,22,27,25,31,31,17,24,9,41,13,8,33,17,10,36,28,10,18,21,64,11,26,24,43,30,19,28,24,25,22,39,22,15,14,58,22,12,21,59,23,20,20,22,8,24,21,33,24,16,21,18,11,33,27,23,10,28,16,21,120,16,16,27,20,25,28,27,29,44,40,19,26,20,17,34,19,13,28,9,22,28,24,27,27,25,28,42,21,33,36,35,37,13,219,36,14,28,21,15,16,23,24,25,10,30,28,19,21,27,32,6,71,24,20,19,26,22,18,39,24,23,16,17,25,16,16,17,19,19,53,12,9,16,26,23,21,22,27,17,56,30,38,22,18,16,5,43,38,28,35,26,29,30,20,20,32,27,16,27,35,16,27,32,11,29,58,11,28,17,44,13,27,18,6,17,37,35,42,55,23,42,41,13,19,46,28,14,10,35,21,21,39,35,57,-20,24,13,6,41,11,-20,59,64,49,-20,7,12,24,38,55,72,93,23,25,5,8,5,10,61,36,14,21,22,88,36,15,17,36,38,107,11,24,31,19,32,42,12,19,82,18,27,22,40,54,41,33,37,55,56,21,58,23,25,40,10,24,15,11,20,16,33,26,51,23,25,25,28,21,70,23,19,9,30,47,35,63,38,38,36,8,21,9,41,52,14,96,45,46,54,38,10,38,31,31,56,43,38,26,38,48,26,117,59,42,9,44,46,113,52,16,26,28,44,46,23,24,39,48,27,39,55,20,39,19,162,41,49,69,40,35,22,38,36,19,16,18,23,19,28,25,25,17,17,16,17,28,21,37,24,22,24,19,26,19,25,14,16,24,23,32,24,17,29,28,11,27,20,23,14,22,21,11,23,38,19,18,16,23,22,32,24,26,20,22,18,21,18,22,9,3,21,16,22,22,19,31,17,19,21,22,33,15,24,19,19,19,25,24,26,13,27,36,19,17,8,22,12,13,31,19,34,23,13,14,14,15,19,12,9,15,18,14,12,17,11,22,14,17,6,6,10,19,14,32,13,11,11,15,16,11,11,16,20,22,18,12,13,8,18,17,8,10,10,12,13,22,13,9,16,8,20,11,12,15,15,12,12,13,24,23,21,34,11,18,24,20,14,11,6,39,25,29,16,13,18,22,4,16,12,16,21,18,41,24,9,20,21,21,8,33,16,27,18,20,15,21,18,12,14,11,22,8,7,27,17,27,10,20,20,17,9,25,13,18,20,15,29,8,16,13,12,21,12,13,17,22,14,12,27,26,17,9,18,22,45,13,126,18,36,25,21,18,39,27,22,43,27,17,18,31,24,27,23,22,30,21,20,22,38,20,40,30,22,28,26,69,28,35,23,37,24,32,19,35,24,22,23,25,8,9,19,25,8,13,16,12,20,22,27,32,22,17,13,32,29,29,21,14,21,17,22,17,22,19,22,30,23,24,20,20,7,20,16,29,37,9,15,26,13,31,20,19,15,16,10,10,11,14,5,14,11,17,15,18,21,24,21,30,18,28,20,15,35,22,23,13,11,14,21,23,30,20,75,20,30,38,21,27,25,29,35,31,17,19,15,20,30,8,8,31,8,19,13,31,7,16,12,13,7,6,17,11,15,8,9,19,20,28,14,25,7,30,47,21,7,7,19,33,20,36,17,7,47,10,27,10,38,5,15,7,10,14,31,11,5,7,15,42,6,21,4,37,5,11,29,13,14,43,9,5,9,8,14,14,4,23,17,-20,6,22,8,25,14,26,8,6,9,6,24,44,28,19,5,13,34,8,45,32,8,18,15,28,26,20,20,28,51,39,71,121,83,51,46,45,39,47
